% time     seconds  usecs/call     calls    errors syscall
------ ----------- ----------- --------- --------- ------------------
 18.51    0.000578          21        27           mmap
 16.43    0.000513          28        18           read
  8.58    0.000268          33         8           mprotect
  8.39    0.000262          20        13           close
  8.33    0.000260          21        12         1 openat
  6.31    0.000197          21         9           rt_sigaction
  4.61    0.000144          13        11           fstat
  4.58    0.000143          35         4           lseek
  3.20    0.000100          20         5           statx
  2.37    0.000074          24         3           sigaltstack
  2.08    0.000065          32         2           munmap
  2.02    0.000063          15         4           fcntl
  1.73    0.000054          27         2         1 statfs
  1.47    0.000046          11         4           brk
  1.44    0.000045          22         2           pread64
  1.35    0.000042          21         2           prlimit64
  1.06    0.000033          33         1           sched_getaffinity
  0.77    0.000024          24         1           poll
  0.77    0.000024          12         2         2 access
  0.70    0.000022          22         1         1 ioctl
  0.70    0.000022          22         1           prctl
  0.70    0.000022          22         1           arch_prctl
  0.70    0.000022          22         1           getrandom
  0.67    0.000021          21         1           gettid
  0.67    0.000021          21         1           rseq
  0.64    0.000020          20         1           set_tid_address
  0.64    0.000020          20         1           set_robust_list
  0.54    0.000017           4         4         1 splice
  0.00    0.000000           0         1           pipe
  0.00    0.000000           0         1           execve
------ ----------- ----------- --------- --------- ------------------
100.00    0.003122          21       144         6 total
