% time     seconds  usecs/call     calls    errors syscall
------ ----------- ----------- --------- --------- ------------------
 27.04    0.002198          28        76        22 newfstatat
 16.21    0.001318          19        66           rt_sigaction
  9.29    0.000755          20        36         8 openat
  8.46    0.000688          19        36           read
  7.36    0.000598          42        14           getdents64
  6.11    0.000497          17        29           close
  6.09    0.000495          14        34           fstat
  5.78    0.000470          18        25         3 lseek
  3.65    0.000297          74         4           munmap
  2.19    0.000178          22         8         1 ioctl
  2.03    0.000165          13        12           brk
  1.43    0.000116          29         4         3 readlink
  1.30    0.000106          26         4           fcntl
  0.75    0.000061           2        28           mmap
  0.74    0.000060          30         2           rt_sigprocmask
  0.55    0.000045          15         3           getcwd
  0.53    0.000043          43         1           write
  0.26    0.000021          21         1           getgid
  0.09    0.000007           7         1           getuid
  0.07    0.000006           6         1           geteuid
  0.07    0.000006           6         1           getegid
  0.00    0.000000           0         1           open
  0.00    0.000000           0         6           mprotect
  0.00    0.000000           0         2           pread64
  0.00    0.000000           0         1         1 access
  0.00    0.000000           0         1           execve
  0.00    0.000000           0         1           arch_prctl
  0.00    0.000000           0         1           gettid
  0.00    0.000000           0         1           futex
  0.00    0.000000           0         1           sched_getaffinity
  0.00    0.000000           0         1           set_tid_address
  0.00    0.000000           0         1           set_robust_list
  0.00    0.000000           0         2           prlimit64
  0.00    0.000000           0         3           getrandom
  0.00    0.000000           0         1           rseq
------ ----------- ----------- --------- --------- ------------------
100.00    0.008130          19       409        38 total
